1.4342e-06;2.58021e-06;4.56732e-06;7.85699e-06;1.30719e-05;2.10037e-05;3.25951e-05;4.88913e-05;7.09551e-05;9.97516e-05;0.000136014;0.00018011;0.00023193;0.000290819;0.000355576;0.000424501;0.000495517;0.000566316;0.000634526;0.00069786;0.000754237;0.000801866;0.00083928;0.000865342;0.000879236;0.000880451;0.000868779;0.000844343;0.000807636;0.000759574;0.000701551;0.000635445;0.000563591;0.000488665;0.000413514;0.000340928;0.000273394;0.000212883;0.000160695;0.000117402;8.28857e-05;5.6461e-05;3.70543e-05;2.33952e-05;1.41916e-05;8.26112e-06;4.61109e-06;2.468e-06;1.26931e-06;6.31716e-07
1.37122e-07;2.90051e-07;5.96386e-07;1.18095e-06;2.24601e-06;4.10171e-06;7.19762e-06;1.21486e-05;1.97454e-05;3.09392e-05;4.67895e-05;6.83718e-05;9.66443e-05;0.000132288;0.000175544;0.000226063;0.000282822;0.000344099;0.000407538;0.000470299;0.000529261;0.000581263;0.00062336;0.000653048;0.000668461;0.000668531;0.00065308;0.000622871;0.000579576;0.000525676;0.000464269;0.000398807;0.000332781;0.0002694;0.000211302;0.00016036;0.000117596;8.32162e-05;5.67495e-05;3.72455e-05;2.3494e-05;1.42242e-05;8.25463e-06;4.58531e-06;2.43472e-06;1.23414e-06;5.96485e-07;2.74688e-07;1.20597e-07;5.06979e-08
9.44184e-09;2.37374e-08;5.7321e-08;1.32224e-07;2.91129e-07;6.12256e-07;1.23118e-06;2.37008e-06;4.37267e-06;7.74002e-06;1.31579e-05;2.15026e-05;3.38085e-05;5.11849e-05;7.46722e-05;0.000105043;0.00014257;0.000186799;0.000236378;0.000288998;0.000341484;0.000390055;0.000430742;0.000459894;0.000474697;0.000473612;0.00045663;0.000425293;0.000382477;0.000331966;0.000277907;0.000224254;0.000174304;0.000130399;9.38172e-05;6.48577e-05;4.30441e-05;2.73983e-05;1.6709e-05;9.75281e-06;5.44221e-06;2.89982e-06;1.47357e-06;7.13187e-07;3.28293e-07;1.43522e-07;5.95026e-08;2.33646e-08;8.68482e-09;3.06314e-09
5.84195e-10;1.75149e-09;4.98539e-09;1.34535e-08;3.44465e-08;8.37851e-08;1.93838e-07;4.27029e-07;8.9675e-07;1.79668e-06;3.43715e-06;6.28272e-06;1.09792e-05;1.83518e-05;2.93528e-05;4.49391e-05;6.58745e-05;9.24731e-05;0.000124331;0.000160123;0.000197541;0.000233447;0.000264263;0.000286528;0.000297534;0.000295858;0.000281663;0.000256677;0.000223845;0.000186763;0.000149031;0.000113696;8.28945e-05;5.77319e-05;3.83881e-05;2.43569e-05;1.47373e-05;8.49731e-06;4.66526e-06;2.43685e-06;1.20984e-06;5.7032e-07;2.54973e-07;1.0797e-07;4.32441e-08;1.63568e-08;5.83301e-09;1.95785e-09;6.17765e-10;1.83454e-10
4.51469e-11;1.60441e-10;5.3443e-10;1.67244e-09;4.92566e-09;1.36738e-08;3.5826e-08;8.86957e-08;2.07709e-07;4.60534e-07;9.67579e-07;1.92777e-06;3.64469e-06;6.54282e-06;1.11583e-05;1.80873e-05;2.78782e-05;4.0873e-05;5.70193e-05;7.57068e-05;9.56905e-05;0.000115158;0.000131966;0.000144014;0.000149669;0.000148125;0.000139592;0.000125251;0.000106981;8.69645e-05;6.72607e-05;4.94787e-05;3.46049e-05;2.29995e-05;1.45187e-05;8.69979e-06;4.94496e-06;2.66416e-06;1.35935e-06;6.56244e-07;2.99436e-07;1.28984e-07;5.23841e-08;2.00292e-08;7.19829e-09;2.42729e-09;7.66455e-10;2.26161e-10;6.22479e-11;1.59878e-11
5.88954e-12;2.36021e-11;8.73379e-11;3.00179e-10;9.61345e-10;2.87587e-09;8.05321e-09;2.11493e-08;5.21777e-08;1.21113e-07;2.64855e-07;5.46347e-07;1.06427e-06;1.9597e-06;3.41398e-06;5.63134e-06;8.8012e-06;1.30412e-05;1.83303e-05;2.4451e-05;3.09644e-05;3.72397e-05;4.25434e-05;4.61763e-05;4.76232e-05;4.66716e-05;4.34627e-05;3.84571e-05;3.23277e-05;2.58119e-05;1.95702e-05;1.40849e-05;9.61874e-06;6.2298e-06;3.82452e-06;2.22405e-06;1.22421e-06;6.37309e-07;3.13484e-07;1.45544e-07;6.37057e-08;2.62538e-08;1.01718e-08;3.69897e-09;1.26022e-09;4.01423e-10;1.19279e-10;3.29825e-11;8.46977e-12;2.02228e-12
5.57789e-13;2.29414e-12;8.58413e-12;2.96024e-11;9.45712e-11;2.80822e-10;7.7712e-10;2.00869e-09;4.85918e-09;1.10203e-08;2.3468e-08;4.69884e-08;8.85641e-08;1.573e-07;2.6351e-07;4.16679e-07;6.22342e-07;8.78458e-07;1.17239e-06;1.47991e-06;1.76733e-06;1.99707e-06;2.13543e-06;2.16065e-06;2.06842e-06;1.8731e-06;1.60404e-06;1.29848e-06;9.93131e-07;7.1727e-07;4.88853e-07;3.14181e-07;1.90261e-07;1.0848e-07;5.81914e-08;2.93512e-08;1.39165e-08;6.20428e-09;2.6038e-09;1.03121e-09;3.87041e-10;1.38529e-10;4.76526e-11;1.58767e-11;5.14828e-12;1.62296e-12;4.93042e-13;1.41855e-13;3.73616e-14;8.05075e-15
4.45102e-13;1.90197e-12;7.59131e-12;2.81569e-11;9.71757e-11;3.1275e-10;9.40718e-10;2.64981e-09;7.00238e-09;1.73882e-08;4.06323e-08;8.94662e-08;1.85834e-07;3.64519e-07;6.7585e-07;1.18543e-06;1.96839e-06;3.0963e-06;4.61647e-06;6.52715e-06;8.75512e-06;1.11447e-05;1.34668e-05;1.54501e-05;1.68317e-05;1.74133e-05;1.71079e-05;1.59604e-05;1.41372e-05;1.18871e-05;9.48545e-06;7.18073e-06;5.15497e-06;3.50767e-06;2.26098e-06;1.37967e-06;7.96391e-07;4.3449e-07;2.2383e-07;1.08761e-07;4.9787e-08;2.14418e-08;8.67458e-09;3.29111e-09;1.16874e-09;3.87651e-10;1.19799e-10;3.43947e-11;9.13744e-12;2.22829e-12
5.74432e-12;2.3433e-11;8.89127e-11;3.13706e-10;1.03137e-09;3.167e-09;9.10271e-09;2.45379e-08;6.21458e-08;1.4811e-07;3.32634e-07;7.04885e-07;1.41101e-06;2.67087e-06;4.78497e-06;8.12016e-06;1.30624e-05;1.99313e-05;2.88629e-05;3.9687e-05;5.18369e-05;6.43373e-05;7.58997e-05;8.51267e-05;9.07834e-05;9.20671e-05;8.87923e-05;8.1435e-05;7.10193e-05;5.88861e-05;4.64125e-05;3.47642e-05;2.47382e-05;1.67177e-05;1.07243e-05;6.52707e-06;3.76683e-06;2.05995e-06;1.0667e-06;5.22614e-07;2.42034e-07;1.05851e-07;4.36671e-08;1.69718e-08;6.20625e-09;2.13212e-09;6.86999e-10;2.0722e-10;5.8371e-11;1.52934e-11
5.05068e-11;1.83997e-10;6.28217e-10;2.00867e-09;6.02367e-09;1.69736e-08;4.50212e-08;1.12589e-07;2.65856e-07;5.93534e-07;1.25432e-06;2.51187e-06;4.77128e-06;8.60394e-06;1.47409e-05;2.40114e-05;3.72093e-05;5.48869e-05;7.71058e-05;0.000103204;0.000131663;0.000160155;0.0001858;0.000205632;0.00021715;0.00021884;0.000210495;0.000193261;0.000169376;0.000141701;0.00011316;8.62553e-05;6.27489e-05;4.35604e-05;2.88511e-05;1.8227e-05;1.09808e-05;6.30616e-06;3.45097e-06;1.7987e-06;8.92447e-07;4.21251e-07;1.89024e-07;8.05653e-08;3.2585e-08;1.24925e-08;4.53422e-09;1.55594e-09;5.04135e-10;1.54144e-10
7.33625e-10;2.26989e-09;6.63663e-09;1.83054e-08;4.76758e-08;1.17424e-07;2.73931e-07;6.0618e-07;1.27422e-06;2.54764e-06;4.85065e-06;8.8046e-06;1.52514e-05;2.52353e-05;3.99191e-05;6.04185e-05;8.75576e-05;0.000121574;0.000161838;0.000206658;0.000253266;0.000298027;0.000336871;0.0003659;0.000382023;0.000383497;0.000370236;0.000343807;0.000307129;0.000263955;0.000218246;0.000173599;0.000132827;9.77435e-05;6.91587e-05;4.70355e-05;3.07367e-05;1.92904e-05;1.16208e-05;6.71544e-06;3.71998e-06;1.97372e-06;1.00211e-06;4.86399e-07;2.25445e-07;9.96661e-08;4.19749e-08;1.68242e-08;6.4173e-09;2.33742e-09
1.27342e-08;3.30598e-08;8.1797e-08;1.92249e-07;4.29227e-07;9.11289e-07;1.84224e-06;3.5511e-06;6.53584e-06;1.15013e-05;1.93763e-05;3.12908e-05;4.84981e-05;7.22301e-05;0.000103492;0.000142822;0.00019005;0.000244121;0.00030302;0.000363842;0.000423011;0.000476629;0.0005209;0.000552559;0.000569253;0.000569799;0.000554303;0.000524118;0.000481664;0.000430134;0.000373125;0.000314261;0.00025684;0.000203554;0.000156324;0.000116239;8.36183e-05;5.81415e-05;3.90399e-05;2.52903e-05;1.57902e-05;9.49204e-06;5.48779e-06;3.04799e-06;1.62447e-06;8.29874e-07;4.0599e-07;1.90156e-07;8.54157e-08;3.70719e-08
1.87605e-07;4.09606e-07;8.60705e-07;1.73083e-06;3.32668e-06;6.11343e-06;1.07526e-05;1.81237e-05;2.93136e-05;4.55606e-05;6.81434e-05;9.8219e-05;0.000136627;0.00018369;0.000239052;0.000301592;0.00036943;0.00044005;0.000510502;0.000577658;0.000638479;0.000690248;0.000730734;0.0007583;0.000771937;0.000771257;0.000756471;0.000728347;0.000688177;0.000637731;0.000579189;0.000515049;0.000447989;0.000380702;0.000315707;0.000255174;0.000200772;0.000153586;0.000114089;8.21962e-05;5.73645e-05;3.87341e-05;2.52745e-05;1.59186e-05;9.66687e-06;5.65507e-06;3.18556e-06;1.72932e-06;9.08105e-07;4.66356e-07
1.91007e-06;3.54409e-06;6.39996e-06;1.11539e-05;1.87053e-05;3.01682e-05;4.68195e-05;6.99938e-05;0.000100931;0.000140591;0.000189467;0.000247438;0.00031368;0.000386679;0.000464334;0.000544142;0.000623423;0.000699549;0.00077014;0.000833193;0.000887148;0.000930881;0.000963658;0.000985066;0.00099494;0.000993304;0.000980336;0.000956363;0.000921868;0.00087753;0.000824255;0.00076322;0.000695892;0.00062402;0.000549586;0.000474724;0.000401591;0.000332219;0.000268362;0.00021137;0.000162095;0.000120866;8.75141e-05;6.14575e-05;4.18189e-05;2.7557e-05;1.75908e-05;1.09006e-05;6.59617e-06;3.95113e-06
1.23893e-05;1.98517e-05;3.1331e-05;4.81784e-05;7.18299e-05;0.000103654;0.000144762;0.000195819;0.00025688;0.000327301;0.000405743;0.000490267;0.000578514;0.000667934;0.00075601;0.000840456;0.000919345;0.000991171;0.00105485;0.00110965;0.00115515;0.00119113;0.00121752;0.00123434;0.00124163;0.0012395;0.00122806;0.00120744;0.00117781;0.00113939;0.0010925;0.00103754;0.000975106;0.000905977;0.000831178;0.000752003;0.00067001;0.000586989;0.000504881;0.000425671;0.000351237;0.000283211;0.000222842;0.0001709;0.000127642;9.28335e-05;6.58235e-05;4.56638e-05;3.12414e-05;2.14064e-05
5.14648e-05;7.26182e-05;0.000102142;0.000141408;0.00019139;0.000252469;0.000324313;0.000405839;0.00049529;0.0005904;0.000688621;0.000787376;0.000884263;0.000977223;0.00106462;0.00114523;0.00121825;0.00128317;0.00133971;0.00138776;0.00142731;0.00145838;0.00148102;0.00149531;0.00150131;0.00149908;0.0014887;0.00147023;0.00144374;0.00140934;0.00136713;0.00131727;0.00125995;0.00119548;0.00112427;0.00104689;0.000964137;0.000877051;0.000786955;0.000695453;0.000604382;0.000515736;0.000431537;0.000353677;0.00028376;0.000222963;0.000171936;0.000130775;9.90561e-05;7.59372e-05
0.000143428;0.000182166;0.000233229;0.000296937;0.000372804;0.000459528;0.000555107;0.000657046;0.000762617;0.000869128;0.000974134;0.00107559;0.00117189;0.00126191;0.00134487;0.00142032;0.00148802;0.00154786;0.00159984;0.00164396;0.00168029;0.00170886;0.00172972;0.00174293;0.00174851;0.00174653;0.00173701;0.00172;0.00169554;0.00166368;0.00162448;0.001578;0.00152433;0.00146358;0.00139592;0.00132159;0.00124095;0.00115451;0.001063;0.000967428;0.000869123;0.00076975;0.000671291;0.000575972;0.000486128;0.000404032;0.000331691;0.000270661;0.000221905;0.000185725
0.000282999;0.000331664;0.00039563;0.00047376;0.000564052;0.000663857;0.000770166;0.000879922;0.000990282;0.00109881;0.00120356;0.00130312;0.00139648;0.00148303;0.0015624;0.00163443;0.00169902;0.00175618;0.00180591;0.00184824;0.00188321;0.00191084;0.00193117;0.00194421;0.00195;0.00194856;0.00193991;0.00192408;0.00190109;0.00187097;0.00183374;0.00178945;0.00173813;0.00167984;0.00161464;0.00154266;0.00146406;0.00137911;0.00128824;0.00119209;0.00109158;0.000988047;0.000883223;0.000779316;0.00067894;0.000584997;0.000500482;0.000428226;0.000370629;0.000329413
0.000413369;0.000459946;0.000524658;0.000605156;0.000698347;0.000800736;0.000908784;0.00101921;0.0011292;0.00123651;0.00133948;0.00143694;0.00152815;0.00161266;0.00169021;0.00176068;0.00182402;0.00188021;0.00192926;0.00197116;0.00200595;0.00203362;0.0020542;0.00206768;0.00207409;0.00207342;0.0020657;0.00205093;0.00202912;0.00200027;0.00196442;0.00192155;0.00187171;0.00181489;0.00175115;0.00168053;0.00160313;0.00151912;0.00142879;0.00133261;0.00123135;0.00112614;0.00101862;0.000910966;0.000805946;0.000706821;0.000617181;0.000540667;0.000480635;0.000439805
0.000459958;0.000501522;0.000562696;0.000640617;0.00073178;0.000832404;0.000938786;0.00104759;0.00115601;0.00126186;0.00136353;0.0014599;0.00155026;0.00163414;0.00171131;0.00178161;0.00184497;0.00190135;0.00195074;0.00199311;0.00202847;0.00205682;0.00207813;0.00209242;0.00209968;0.0020999;0.00209309;0.00207924;0.00205834;0.0020304;0.0019954;0.00195335;0.00190424;0.00184807;0.00178486;0.00171462;0.00163741;0.00155337;0.00146274;0.00136595;0.00126373;0.00115718;0.00104794;0.000938197;0.000830778;0.000729017;0.000636594;0.000557233;0.000494341;0.000450645
0.000393731;0.000434833;0.000493978;0.000568844;0.000656464;0.000753524;0.000856677;0.000962808;0.00106922;0.00117372;0.00127465;0.00137079;0.00146131;0.00154569;0.00162357;0.00169475;0.0017591;0.00181655;0.00186704;0.00191054;0.00194702;0.00197645;0.00199882;0.00201411;0.0020223;0.00202338;0.00201732;0.00200411;0.00198374;0.00195618;0.00192142;0.00187944;0.00183021;0.00177371;0.00170993;0.00163889;0.00156063;0.0014753;0.00138317;0.00128477;0.00118091;0.00107285;0.000962367;0.000851766;0.000743872;0.000641871;0.000549077;0.000468619;0.000403109;0.000354345
0.000256784;0.000296631;0.000350981;0.000418813;0.00049842;0.000587565;0.000683699;0.000784193;0.000886544;0.000988528;0.00108828;0.00118434;0.0012756;0.00136127;0.00144081;0.00151384;0.00158013;0.00163951;0.00169188;0.00173715;0.00177527;0.00180619;0.00182986;0.00184626;0.00185536;0.0018571;0.00185148;0.00183844;0.00181797;0.00179002;0.00175456;0.00171154;0.00166093;0.00160269;0.00153681;0.00146333;0.00138238;0.00129423;0.00119939;0.00109869;0.000993363;0.00088511;0.000776114;0.000668963;0.000566498;0.000471573;0.000386778;0.000314158;0.000254996;0.000209703
0.000123989;0.000154289;0.000195209;0.000247096;0.000309725;0.000382273;0.000463372;0.00055123;0.000643791;0.000738915;0.000834535;0.000928786;0.00102008;0.00110712;0.00118892;0.00126475;0.00133406;0.0013965;0.0014518;0.00149979;0.00154033;0.00157332;0.00159869;0.00161638;0.00162632;0.00162847;0.00162277;0.00160916;0.0015876;0.00155803;0.00152038;0.00147461;0.00142069;0.00135863;0.00128853;0.00121062;0.00112538;0.00103356;0.000936302;0.000835188;0.000732235;0.000629832;0.000530595;0.000437153;0.000351894;0.000276722;0.000212864;0.000160771;0.000120134;8.99993e-05
4.23814e-05;5.83074e-05;8.07775e-05;0.000110909;0.000149591;0.000197355;0.000254263;0.000319854;0.000393149;0.00047272;0.000556806;0.000643465;0.000730723;0.000816709;0.000899748;0.000978425;0.00105159;0.00111837;0.00117809;0.00123028;0.00127459;0.00131076;0.00133863;0.00135806;0.00136893;0.00137115;0.00136464;0.00134931;0.0013251;0.00129193;0.00124979;0.00119872;0.00113886;0.00107056;0.00099441;0.00091133;0.000822657;0.00073015;0.000635966;0.000542552;0.000452472;0.000368188;0.000291815;0.000224924;0.000168395;0.000122386;8.63857e-05;5.936e-05;3.9942e-05;2.66326e-05
9.72225e-06;1.51355e-05;2.34636e-05;3.56948e-05;5.29183e-05;7.62374e-05;0.000106654;0.000144938;0.000191501;0.000246301;0.000308784;0.000377895;0.000452141;0.0005297;0.000608572;0.000686717;0.000762192;0.000833252;0.000898405;0.000956435;0.00100639;0.00104756;0.0010794;0.00110153;0.00111366;0.0011156;0.0011072;0.00108837;0.00105911;0.00101956;0.000970003;0.000911014;0.000843487;0.000768719;0.00068844;0.000604782;0.000520191;0.00043726;0.000358518;0.000286202;0.000222045;0.000167133;0.000121851;8.59176e-05;5.85145e-05;3.84559e-05;2.4382e-05;1.49301e-05;8.86434e-06;5.15263e-06
1.4342e-06;2.58021e-06;4.56732e-06;7.85699e-06;1.30719e-05;2.10037e-05;3.25951e-05;4.88913e-05;7.09551e-05;9.97516e-05;0.000136014;0.00018011;0.00023193;0.000290819;0.000355576;0.000424501;0.000495517;0.000566316;0.000634526;0.00069786;0.000754237;0.000801866;0.00083928;0.000865342;0.000879236;0.000880451;0.000868779;0.000844343;0.000807636;0.000759574;0.000701551;0.000635445;0.000563591;0.000488665;0.000413514;0.000340928;0.000273394;0.000212883;0.000160695;0.000117402;8.28857e-05;5.6461e-05;3.70543e-05;2.33952e-05;1.41916e-05;8.26112e-06;4.61109e-06;2.468e-06;1.26931e-06;6.31716e-07