1.53969e-07;3.20524e-07;6.48382e-07;1.26152e-06;2.35326e-06;4.20706e-06;7.21255e-06;1.18702e-05;1.87771e-05;2.85871e-05;4.19463e-05;5.94051e-05;8.13222e-05;0.000107775;0.000138498;0.000172855;0.000209868;0.000248282;0.000286661;0.000323502;0.000357337;0.000386817;0.000410768;0.000428225;0.000438445;0.000440921;0.000435396;0.000421897;0.00040077;0.000372726;0.000338855;0.000300614;0.000259751;0.000218176;0.000177784;0.000140269;0.000106949;7.86566e-05;5.57004e-05;3.79146e-05;2.4767e-05;1.55016e-05;9.28249e-06;5.31012e-06;2.89792e-06;1.50673e-06;7.45498e-07;3.50751e-07;1.56991e-07;6.70939e-08
1.50993e-08;3.73872e-08;8.89314e-08;2.01814e-07;4.36357e-07;8.99368e-07;1.76884e-06;3.32367e-06;5.97394e-06;1.02839e-05;1.6976e-05;2.6905e-05;4.09896e-05;6.01022e-05;8.49206e-05;0.000115764;0.000152439;0.000194132;0.000239373;0.000286084;0.000331721;0.000373481;0.000408563;0.000434432;0.000449086;0.000451273;0.000440643;0.00041783;0.000384417;0.000342795;0.000295916;0.000246962;0.000198982;0.00015456;0.000115572;8.30715e-05;5.7317e-05;3.79085e-05;2.40001e-05;1.45252e-05;8.39211e-06;4.62248e-06;2.42403e-06;1.20852e-06;5.72015e-07;2.56663e-07;1.09016e-07;4.37733e-08;1.66024e-08;5.95508e-09
1.44121e-09;4.23766e-09;1.18401e-08;3.13308e-08;7.85379e-08;1.86718e-07;4.21579e-07;9.05173e-07;1.85052e-06;3.60648e-06;6.70782e-06;1.1919e-05;2.0253e-05;3.29395e-05;5.13208e-05;7.66575e-05;0.000109852;0.000151119;0.000199677;0.000253529;0.000309435;0.000363129;0.000409787;0.000444707;0.000464055;0.000465542;0.000448858;0.000415763;0.000369792;0.00031564;0.000258387;0.000202714;0.000152299;0.000109484;7.52444e-05;4.93927e-05;3.09387e-05;1.84736e-05;1.05039e-05;5.6808e-06;2.9189e-06;1.42309e-06;6.57455e-07;2.87409e-07;1.18704e-07;4.6243e-08;1.69616e-08;5.84691e-09;1.89092e-09;5.73306e-10
1.88578e-10;6.50724e-10;2.11191e-09;6.44484e-09;1.85185e-08;5.01832e-08;1.28452e-07;3.11006e-07;7.13163e-07;1.55058e-06;3.19983e-06;6.27296e-06;1.16917e-05;2.07322e-05;3.49975e-05;5.62706e-05;8.6213e-05;0.000125913;0.000175351;0.00023291;0.000295111;0.000356739;0.000411444;0.000452757;0.000475328;0.000476047;0.000454743;0.00041424;0.000359744;0.000297751;0.000234786;0.000176304;0.000126012;8.56809e-05;5.53873e-05;3.40168e-05;1.98336e-05;1.0969e-05;5.74893e-06;2.85242e-06;1.3383e-06;5.93007e-07;2.47819e-07;9.75235e-08;3.60785e-08;1.25238e-08;4.07064e-09;1.23603e-09;3.49755e-10;9.20202e-11
5.00648e-11;1.96542e-10;7.18085e-10;2.44642e-09;7.78895e-09;2.32233e-08;6.49647e-08;1.70795e-07;4.22643e-07;9.85747e-07;2.16961e-06;4.51126e-06;8.87043e-06;1.65084e-05;2.91018e-05;4.86289e-05;7.70718e-05;0.00011592;0.000165532;0.000224513;0.00028932;0.000354328;0.000412487;0.000456513;0.000480359;0.00048057;0.000457092;0.000413297;0.000355187;0.000290059;0.00022502;0.000165768;0.000115913;7.68943e-05;4.83647e-05;2.88229e-05;1.62626e-05;8.67971e-06;4.37785e-06;2.0844e-06;9.35702e-07;3.9549e-07;1.5715e-07;5.86049e-08;2.04724e-08;6.68479e-09;2.03541e-09;5.76347e-10;1.51308e-10;3.6704e-11
3.17821e-11;1.32273e-10;5.0857e-10;1.81255e-09;6.00625e-09;1.85549e-08;5.35659e-08;1.44815e-07;3.67332e-07;8.75699e-07;1.96499e-06;4.15585e-06;8.29433e-06;1.56384e-05;2.78813e-05;4.70448e-05;7.51825e-05;0.000113872;0.000163552;0.000222872;0.000288264;0.000354004;0.000412883;0.000457438;0.000481482;0.000481502;0.000457494;0.000412962;0.000354089;0.00028834;0.000222928;0.000163584;0.000113881;7.51748e-05;4.70277e-05;2.78613e-05;1.562e-05;8.27966e-06;4.14543e-06;1.95826e-06;8.71728e-07;3.65171e-07;1.43728e-07;5.30597e-08;1.83365e-08;5.91895e-09;1.78024e-09;4.97514e-10;1.28779e-10;3.07629e-11
3.06693e-11;1.28403e-10;4.96126e-10;1.77551e-09;5.90401e-09;1.82927e-08;5.29405e-08;1.43426e-07;3.64456e-07;8.70148e-07;1.955e-06;4.13914e-06;8.26833e-06;1.5601e-05;2.78315e-05;4.69842e-05;7.51159e-05;0.000113807;0.0001635;0.000222842;0.000288262;0.000354032;0.000412934;0.000457498;0.000481536;0.000481534;0.000457493;0.000412926;0.000354023;0.000288253;0.000222834;0.000163494;0.000113803;7.51134e-05;4.69829e-05;2.78311e-05;1.5601e-05;8.26856e-06;4.1394e-06;1.95522e-06;8.70297e-07;3.64547e-07;1.43477e-07;5.29661e-08;1.83046e-08;5.90907e-09;1.7775e-09;4.96845e-10;1.28643e-10;3.07428e-11
3.18746e-11;1.33071e-10;5.12785e-10;1.83046e-09;6.07202e-09;1.87697e-08;5.42006e-08;1.46528e-07;3.71582e-07;8.85434e-07;1.98564e-06;4.19651e-06;8.3687e-06;1.57648e-05;2.80808e-05;4.73368e-05;7.55777e-05;0.000114364;0.000164111;0.000223442;0.000288773;0.000354379;0.000413067;0.000457414;0.000481281;0.0004812;0.000457189;0.000412752;0.000354043;0.000288483;0.000223241;0.000164014;0.000114359;7.56392e-05;4.74323e-05;2.81827e-05;1.5855e-05;8.43866e-06;4.24538e-06;2.01677e-06;9.03648e-07;3.81417e-07;1.51443e-07;5.64765e-08;1.97468e-08;6.46086e-09;1.97381e-09;5.61678e-10;1.4848e-10;3.63599e-11
5.13539e-11;2.05307e-10;7.60359e-10;2.61627e-09;8.38711e-09;2.51133e-08;7.03947e-08;1.85096e-07;4.57364e-07;1.06375e-06;2.33218e-06;4.82615e-06;9.43772e-06;1.74591e-05;3.05828e-05;5.07696e-05;7.99339e-05;0.000119441;0.000169484;0.000228499;0.000292833;0.000356862;0.000413684;0.000456288;0.000478962;0.00047854;0.000455126;0.000412056;0.000355129;0.000291332;0.000227462;0.000168991;0.00011944;8.02846e-05;5.13042e-05;3.11547e-05;1.79691e-05;9.83799e-06;5.10952e-06;2.51549e-06;1.17292e-06;5.17492e-07;2.1581e-07;8.49681e-08;3.15412e-08;1.10228e-08;3.62059e-09;1.11573e-09;3.22002e-10;8.69516e-11
2.09103e-10;7.44093e-10;2.47199e-09;7.67867e-09;2.23493e-08;6.10781e-08;1.57032e-07;3.80487e-07;8.70236e-07;1.88156e-06;3.85094e-06;7.47e-06;1.37491e-05;2.40369e-05;3.99534e-05;6.31957e-05;9.51996e-05;0.000136686;0.00018718;0.000244632;0.000305308;0.000364051;0.000414944;0.000452268;0.000471558;0.000470473;0.000449256;0.000410664;0.000359381;0.000301101;0.000241513;0.000185434;0.000136263;9.58041e-05;6.44257e-05;4.14206e-05;2.54468e-05;1.49297e-05;8.35937e-06;4.46342e-06;2.2707e-06;1.09961e-06;5.0634e-07;2.21448e-07;9.18707e-08;3.61043e-08;1.3421e-08;4.71233e-09;1.56146e-09;4.8911e-10
1.78497e-09;5.42258e-09;1.55099e-08;4.17608e-08;1.05987e-07;2.53951e-07;5.75395e-07;1.23473e-06;2.51312e-06;4.8584e-06;8.93305e-06;1.56421e-05;2.61174e-05;4.16326e-05;6.34355e-05;9.25004e-05;0.000129234;0.000173194;0.000222898;0.000275788;0.000328399;0.000376718;0.000416694;0.000444789;0.000458479;0.000456608;0.000439521;0.000408983;0.000367889;0.000319841;0.00026866;0.000217924;0.000170594;0.000128783;9.36755e-05;6.55958e-05;4.41768e-05;2.85855e-05;1.77534e-05;1.05716e-05;6.029e-06;3.2893e-06;1.71478e-06;8.53164e-07;4.04608e-07;1.82669e-07;7.84145e-08;3.19789e-08;1.23958e-08;4.59034e-09
2.02313e-08;5.16766e-08;1.25414e-07;2.88506e-07;6.29243e-07;1.30256e-06;2.56245e-06;4.79728e-06;8.55897e-06;1.45729e-05;2.37129e-05;3.69288e-05;5.51223e-05;7.8983e-05;0.000108809;0.000144354;0.000184737;0.000228449;0.000273457;0.000317404;0.000357845;0.000392493;0.000419427;0.00043723;0.00044506;0.000442668;0.000430367;0.000408982;0.000379779;0.000344389;0.000304702;0.000262746;0.000220543;0.000179953;0.000142536;0.000109435;8.13273e-05;5.84166e-05;4.04992e-05;2.70626e-05;1.74068e-05;1.07626e-05;6.38853e-06;3.63594e-06;1.98166e-06;1.03311e-06;5.14753e-07;2.45113e-07;1.11791e-07;4.9258e-08
2.10129e-07;4.50854e-07;9.28561e-07;1.82629e-06;3.42619e-06;6.13336e-06;1.04876e-05;1.71513e-05;2.68655e-05;4.03676e-05;5.82802e-05;8.09852e-05;0.000108511;0.00014046;0.000175999;0.000213916;0.000252742;0.000290898;0.000326857;0.000359265;0.000387028;0.000409347;0.000425701;0.000435815;0.000439608;0.000437154;0.000428646;0.000414385;0.000394785;0.000370382;0.000341853;0.000310027;0.000275878;0.0002405;0.000205055;0.000170699;0.000138495;0.000109324;8.38136e-05;6.23019e-05;4.48291e-05;3.11752e-05;2.09217e-05;1.35305e-05;8.42218e-06;5.04087e-06;2.89996e-06;1.60512e-06;8.58323e-07;4.48644e-07
1.58859e-06;2.88517e-06;5.08845e-06;8.64446e-06;1.41051e-05;2.2095e-05;3.32489e-05;4.81242e-05;6.71011e-05;9.02915e-05;0.000117478;0.000148101;0.000181297;0.00021599;0.000251005;0.000285185;0.000317497;0.00034709;0.000373329;0.000395783;0.000414196;0.000428444;0.0004385;0.000444393;0.000446188;0.00044397;0.000437837;0.000427901;0.000414291;0.000397167;0.000376733;0.000353254;0.000327074;0.000298637;0.000268498;0.000237318;0.000205853;0.000174916;0.000145322;0.000117828;9.30618e-05;7.14695e-05;5.32797e-05;3.84977e-05;2.6928e-05;1.82202e-05;1.19286e-05;7.57287e-06;4.69074e-06;2.87471e-06
7.90199e-06;1.23212e-05;1.8896e-05;2.82026e-05;4.07705e-05;5.69979e-05;7.70702e-05;0.000100901;0.000128112;0.000158053;0.000189876;0.000222621;0.000255321;0.000287088;0.000317177;0.000345015;0.000370197;0.000392471;0.000411698;0.000427825;0.00044085;0.000450799;0.000457718;0.000461654;0.000462658;0.00046078;0.000456071;0.000448582;0.000438366;0.000425483;0.000410003;0.000392014;0.000371626;0.000348992;0.000324315;0.000297867;0.000270003;0.000241173;0.000211918;0.000182857;0.000154655;0.00012798;0.000103442;8.15437e-05;6.26258e-05;4.68442e-05;3.41639e-05;2.43809e-05;1.71629e-05;1.21018e-05
2.57372e-05;3.51536e-05;4.78623e-05;6.41664e-05;8.41487e-05;0.000107633;0.000134185;0.000163151;0.00019373;0.000225063;0.000256316;0.000286754;0.000315777;0.000342938;0.00036793;0.000390566;0.000410748;0.000428437;0.000443631;0.00045635;0.000466623;0.000474481;0.000479955;0.000483078;0.000483877;0.000482381;0.000478619;0.000472618;0.000464406;0.000454012;0.00044147;0.000426816;0.000410094;0.000391359;0.000370688;0.000348183;0.000323989;0.00029831;0.000271418;0.000243674;0.000215528;0.000187518;0.000160247;0.000134346;0.000110426;8.90225e-05;7.05431e-05;5.52273e-05;4.31313e-05;3.41347e-05
5.75607e-05;7.06681e-05;8.76071e-05;0.00010824;0.000132177;0.000158813;0.000187396;0.000217111;0.000247158;0.000276826;0.000305525;0.000332808;0.000358361;0.000381983;0.000403558;0.000423031;0.000440383;0.000455617;0.000468749;0.000479795;0.000488776;0.000495712;0.00050062;0.000503518;0.000504422;0.000503349;0.000500314;0.000495333;0.000488421;0.000479595;0.000468872;0.00045627;0.00044181;0.000425518;0.000407426;0.000387578;0.000366039;0.000342903;0.00031831;0.000292462;0.000265644;0.000238236;0.000210726;0.000183699;0.000157821;0.000133794;0.000112299;9.39372e-05;7.91652e-05;6.82537e-05
9.37959e-05;0.000106749;0.000124013;0.0001451;0.000169311;0.000195819;0.000223754;0.00025229;0.000280701;0.000308399;0.00033494;0.000360015;0.000383422;0.000405042;0.000424812;0.000442704;0.000458711;0.000472835;0.000485084;0.000495469;0.000503998;0.000510682;0.000515529;0.000518549;0.000519749;0.000519137;0.000516721;0.000512509;0.000506509;0.000498727;0.000489173;0.000477856;0.000464784;0.000449969;0.000433426;0.000415177;0.000395254;0.000373709;0.000350627;0.00032614;0.000300455;0.00027387;0.000246804;0.000219808;0.000193565;0.000168867;0.000146572;0.000127535;0.000112528;0.00010216
0.000116657;0.000127435;0.000143103;0.000162944;0.000186074;0.000211536;0.000238393;0.000265801;0.000293056;0.000319607;0.000345054;0.000369124;0.000391643;0.000412507;0.000431658;0.000449068;0.000464724;0.00047862;0.000490758;0.000501139;0.000509763;0.000516635;0.000521755;0.000525125;0.000526748;0.000526624;0.000524755;0.000521143;0.000515789;0.000508694;0.00049986;0.000489287;0.000476978;0.000462934;0.000447162;0.000429669;0.000410473;0.000389608;0.000367136;0.000343164;0.000317869;0.000291523;0.000264525;0.000237419;0.000210907;0.000185831;0.00016313;0.000143774;0.000128671;0.000118573
0.000113469;0.000123474;0.000138394;0.000157513;0.000179962;0.000204807;0.000231133;0.000258117;0.000285065;0.000311431;0.000336813;0.000360928;0.000383591;0.000404685;0.000424139;0.000441911;0.000457979;0.000472328;0.000484948;0.000495832;0.000504976;0.000512374;0.000518021;0.000521914;0.000524048;0.000524418;0.000523019;0.000519848;0.0005149;0.000508169;0.000499649;0.000489336;0.000477224;0.000463306;0.00044758;0.000430045;0.000410711;0.000389605;0.000366783;0.000342353;0.000316496;0.000289495;0.000261764;0.000233865;0.000206509;0.00018053;0.000156839;0.000136341;0.000119845;0.000107972
8.63446e-05;9.71609e-05;0.000112237;0.000131119;0.000153177;0.000177671;0.000203822;0.000230877;0.000258165;0.00028512;0.0003113;0.000336371;0.000360098;0.000382321;0.000402933;0.000421866;0.000439075;0.00045453;0.000468207;0.00048009;0.000490165;0.000498417;0.000504835;0.000509408;0.000512123;0.00051297;0.000511937;0.000509013;0.000504185;0.00049744;0.000488766;0.000478149;0.000465574;0.000451026;0.000434495;0.000415975;0.000395475;0.000373032;0.000348724;0.000322699;0.000295198;0.000266583;0.000237352;0.000208144;0.000179714;0.000152885;0.000128479;0.000107225;8.96855e-05;7.61868e-05
5.02011e-05;6.05302e-05;7.43398e-05;9.15557e-05;0.000111914;0.000134979;0.00016019;0.000186909;0.000214486;0.000242307;0.000269828;0.000296598;0.000322263;0.000346555;0.000369282;0.000390308;0.000409537;0.000426904;0.00044236;0.000455868;0.000467399;0.000476926;0.000484425;0.000489876;0.000493257;0.000494546;0.000493724;0.000490768;0.000485656;0.000478366;0.000468872;0.000457149;0.000443173;0.000426921;0.000408382;0.000387563;0.000364506;0.000339312;0.000312166;0.000283364;0.000253338;0.000222664;0.000192049;0.000162295;0.00013423;0.000108627;8.61235e-05;6.7142e-05;5.18566e-05;4.0188e-05
2.12989e-05;2.84144e-05;3.81969e-05;5.09377e-05;6.67899e-05;8.57343e-05;0.000107567;0.000131909;0.000158244;0.000185967;0.000214438;0.000243035;0.000271195;0.000298435;0.000324364;0.000348679;0.000371153;0.000391618;0.000409952;0.000426067;0.000439893;0.000451377;0.000460472;0.000467136;0.000471333;0.000473024;0.000472173;0.000468742;0.000462691;0.000453982;0.000442575;0.000428434;0.000411536;0.000391878;0.000369504;0.000344522;0.000317145;0.000287711;0.000256715;0.000224814;0.000192805;0.000161576;0.000132032;0.000105002;8.11455e-05;6.08819e-05;4.43578e-05;3.14537e-05;2.18303e-05;1.50019e-05
6.21768e-06;9.43254e-06;1.42455e-05;2.11041e-05;3.04511e-05;4.26715e-05;5.80362e-05;7.66517e-05;9.84283e-05;0.000123072;0.000150104;0.000178902;0.00020876;0.000238947;0.000268762;0.000297574;0.000324846;0.000350143;0.000373122;0.000393525;0.000411156;0.000425867;0.000437542;0.000446089;0.000451425;0.00045348;0.000452182;0.000447465;0.000439267;0.000427537;0.000412243;0.000393398;0.00037108;0.000345474;0.000316904;0.000285869;0.000253059;0.000219344;0.00018573;0.00015328;0.000123012;9.57881e-05;7.22243e-05;5.26312e-05;3.70078e-05;2.50796e-05;1.63735e-05;1.03082e-05;6.28206e-06;3.74109e-06
1.19491e-06;2.10711e-06;3.6539e-06;6.15076e-06;9.99918e-06;1.56743e-05;2.3694e-05;3.45693e-05;4.87401e-05;6.65065e-05;8.79669e-05;0.000112977;0.000141139;0.000171822;0.000204215;0.000237392;0.000270396;0.0003023;0.000332263;0.000359563;0.000383603;0.000403905;0.000420097;0.000431889;0.000439054;0.000441412;0.000438824;0.000431195;0.000418491;0.000400769;0.000378217;0.000351199;0.0003203;0.000286349;0.000250408;0.000213727;0.000177646;0.000143473;0.000112346;8.51148e-05;6.22648e-05;4.38983e-05;2.97746e-05;1.93964e-05;1.21177e-05;7.25102e-06;4.15226e-06;2.27554e-06;1.19582e-06;6.06612e-07