0.0742574
0.222772
0.371287
0.519802
0.668317
0.816832
0.965347
1.11386
1.26238
1.41089
1.55941
1.70792
1.85644
2.00495
2.15347
2.30198
2.4505
2.59901
2.74752
2.89604
3.04455
3.19307
3.34158
3.4901
3.63861
3.78713
3.93564
4.08416
4.23267
4.38119
4.5297
4.67822
4.82673
4.97525
5.12376
5.27228
5.42079
5.56931
5.71782
5.86634
6.01485
6.16337
6.31188
6.4604
6.60891
6.75743
6.90594
7.05446
7.20297
7.35149
7.5
7.64851
7.79703
7.94554
8.09406
8.24257
8.39109
8.5396
8.68812
8.83663
8.98515
9.13366
9.28218
9.43069
9.57921
9.72772
9.87624
10.0248
10.1733
10.3218
10.4703
10.6188
10.7673
10.9158
11.0644
11.2129
11.3614
11.5099
11.6584
11.8069
11.9554
12.104
12.2525
12.401
12.5495
12.698
12.8465
12.995
13.1436
13.2921
13.4406
13.5891
13.7376
13.8861
14.0347
14.1832
14.3317
14.4802
14.6287
14.7772
14.9257