0.049505
0.148515
0.247525
0.346535
0.445545
0.544554
0.643564
0.742574
0.841584
0.940594
1.0396
1.13861
1.23762
1.33663
1.43564
1.53465
1.63366
1.73267
1.83168
1.93069
2.0297
2.12871
2.22772
2.32673
2.42574
2.52475
2.62376
2.72277
2.82178
2.92079
3.0198
3.11881
3.21782
3.31683
3.41584
3.51485
3.61386
3.71287
3.81188
3.91089
4.0099
4.10891
4.20792
4.30693
4.40594
4.50495
4.60396
4.70297
4.80198
4.90099
5
5.09901
5.19802
5.29703
5.39604
5.49505
5.59406
5.69307
5.79208
5.89109
5.9901
6.08911
6.18812
6.28713
6.38614
6.48515
6.58416
6.68317
6.78218
6.88119
6.9802
7.07921
7.17822
7.27723
7.37624
7.47525
7.57426
7.67327
7.77228
7.87129
7.9703
8.06931
8.16832
8.26733
8.36634
8.46535
8.56436
8.66337
8.76238
8.86139
8.9604
9.05941
9.15842
9.25743
9.35644
9.45545
9.55446
9.65347
9.75248
9.85149
9.9505